1,5,19,7
2,8,20,10
3,8,8,8
4,6,20,4
5,7,10,4
6,3,14,8
7,4,1,4
8,5,8,6
9,7,4,10
10,2,13,6
11,3,12,3
12,6,4,1
13,0,13,7
14,10,7,6
15,4,20,0
16,5,10,7
17,7,0,4
18,1,5,8
19,5,8,5
20,0,10,4
FCFS,0,19,5,201,211,201,112.050003,122.349998,116.849998
SJF,0,3,0,178,198,178,61.500000,71.800003,61.500000
RR,3,3,0,182,202,38,122.500000,132.800003,19.000000
PB,0,10,0,182,202,182,96.300003,106.599998,96.300003
1,5,19,7
2,8,20,10
3,8,8,8
4,6,20,4
5,7,10,4
6,3,14,8
7,4,1,4
8,5,8,6
9,7,4,10
10,2,13,6
11,3,12,3
12,6,4,1
13,0,13,7
14,10,7,6
15,4,20,0
16,5,10,7
17,7,0,4
18,1,5,8
19,5,8,5
20,0,10,4
FCFS,0,19,5,201,211,201,112.050003,122.349998,116.849998
SJF,0,3,0,178,198,178,61.500000,71.800003,61.500000
RR,3,3,0,182,202,38,122.500000,132.800003,19.000000
PB,0,10,0,182,202,182,96.300003,106.599998,96.300003
